1640767801.740322 0.010954 -0.003828 0.076891 -0.000920 0.012574 0.001005 0.999920
1640767802.440666 0.023822 -0.008904 0.182929 -0.000520 0.026420 0.001496 0.999650
1640767802.874261 0.037700 -0.014044 0.277159 -0.001634 0.038667 0.002231 0.999248
1640767807.576740 0.167148 -0.099157 1.596114 -0.000292 0.028782 -0.002292 0.999583
1640767808.277155 0.196507 -0.107621 1.770328 -0.000908 0.038216 -0.002754 0.999265
1640767810.911732 0.255367 -0.145970 2.482726 -0.000340 -0.006053 -0.002826 0.999978
1640767811.011778 0.251418 -0.149159 2.515848 -0.000940 -0.012116 -0.003148 0.999921
1640767811.845529 0.216947 -0.176570 2.793924 0.001510 -0.058979 -0.006069 0.998240
1640767812.212391 0.194405 -0.183429 2.904983 0.001649 -0.078180 -0.005960 0.996920
1640767813.279623 0.072877 -0.203363 3.304018 0.011693 -0.176386 -0.008192 0.984218
1640767813.913264 -0.000906 -0.219594 3.506409 0.011824 -0.195968 -0.006513 0.980517
1640767819.382818 -0.700812 -0.367585 5.256504 0.009494 -0.191450 -0.006291 0.981436
1640767820.783542 -0.723999 -0.387215 5.736445 0.005536 -0.077364 -0.001993 0.996986
1640767821.016989 -0.710747 -0.424258 5.805293 -0.005383 -0.062632 0.000640 0.998022
1640767821.383831 -0.649836 -0.422040 5.927073 -0.008012 -0.029546 0.000776 0.999531
1640767822.551053 -0.548993 -0.394660 6.271893 -0.009955 0.068104 0.013446 0.997538
1640767822.951251 -0.526604 -0.398738 6.401318 -0.013401 0.092806 0.014610 0.995487
1640767824.218616 -0.343521 -0.398316 6.675628 -0.026434 0.227310 0.018514 0.973288
1640767824.418730 -0.322799 -0.401595 6.741352 -0.028324 0.261274 0.026372 0.964488
1640767824.452081 -0.317532 -0.400992 6.747130 -0.028299 0.266619 0.026738 0.963015
1640767825.652730 -0.081975 -0.402400 6.995831 -0.043585 0.419759 0.032725 0.905998
1640767826.253026 0.004791 -0.395966 7.082463 -0.047335 0.463716 0.034548 0.884043
1640767826.953385 0.129426 -0.391400 7.161514 -0.052548 0.530701 0.038958 0.845031
1640767828.620871 0.391264 -0.386302 7.568459 -0.047943 0.428621 0.030233 0.901705
1640767829.321263 0.487770 -0.388012 7.737040 -0.048935 0.411423 0.030009 0.909635
1640767831.355667 0.816107 -0.376977 8.133960 -0.053767 0.440504 0.030237 0.895629
1640767833.023222 1.114967 -0.361146 8.382334 -0.057804 0.500568 0.035264 0.863045
1640767833.490128 1.166020 -0.356045 8.382507 -0.061414 0.543213 0.037241 0.836517
1640767834.924170 1.321178 -0.344808 8.320104 -0.077802 0.761347 0.045488 0.642050
1640767835.190983 1.340730 -0.341199 8.290440 -0.079525 0.798198 0.046727 0.595291
1640767835.491154 1.357489 -0.338536 8.251803 -0.081780 0.841275 0.049229 0.532113
1640767835.624565 1.363291 -0.336021 8.236858 -0.082244 0.856633 0.049485 0.506919
1640767836.024799 1.371937 -0.335072 8.201611 -0.084871 0.890471 0.050837 0.444154
1640767836.925249 1.374756 -0.327249 8.071923 -0.086752 0.973279 0.052174 0.206105
1640767837.225385 1.372440 -0.326851 8.039011 -0.086839 0.984089 0.051961 0.146044
1640767837.425474 1.371882 -0.326147 8.013971 -0.085693 0.989315 0.051959 0.105891
1640767838.559306 1.337833 -0.332310 7.940891 -0.083161 0.982706 0.050904 -0.157423
1640767838.692702 1.335420 -0.331957 7.943329 -0.081931 0.978239 0.050406 -0.183835
1640767838.926144 1.331462 -0.332597 7.953477 -0.080522 0.971593 0.049306 -0.217006
1640767839.126236 1.327835 -0.334313 7.967528 -0.079402 0.966097 0.049220 -0.240686
1640767839.159585 1.327749 -0.334223 7.968481 -0.079064 0.964990 0.049318 -0.245174
1640767839.192934 1.327205 -0.334483 7.971220 -0.078787 0.963929 0.049420 -0.249383
1640767839.259631 1.325780 -0.334462 7.977068 -0.078668 0.961723 0.049147 -0.257846
1640767840.493671 1.287326 -0.358774 8.030642 -0.071583 0.891151 0.043988 -0.445860
1640767840.560371 1.274043 -0.358231 8.036675 -0.070662 0.885887 0.042157 -0.456546
1640767840.660420 1.253176 -0.364180 8.047301 -0.068375 0.872338 0.041961 -0.482277
1640767840.793819 1.210426 -0.360691 8.070313 0.065670 -0.852803 -0.039492 0.516580
1640767841.127316 1.118638 -0.364329 8.127226 0.060751 -0.813527 -0.035127 0.577278
1640767841.727607 0.949411 -0.390401 8.123803 0.062012 -0.818300 -0.036162 0.570291
1640767841.927703 0.894537 -0.397004 8.106416 0.062259 -0.826553 -0.036212 0.558231
1640767842.061100 0.857719 -0.398339 8.093662 0.062882 -0.832027 -0.036939 0.549920
1640767843.528475 0.332132 -0.445840 7.969071 0.065141 -0.845810 -0.038905 0.528061
1640767843.728570 0.263015 -0.455538 7.944927 0.065215 -0.849974 -0.037441 0.521430
1640767843.995363 0.168353 -0.460768 7.907055 0.065819 -0.855788 -0.038084 0.511707
1640767844.795778 -0.087041 -0.481630 7.782185 -0.069840 0.874939 0.040383 -0.477465
1640767845.029239 -0.191163 -0.492459 7.726521 -0.067324 0.883491 0.039440 -0.461904
1640767845.662930 -0.358300 -0.504749 7.571842 -0.070226 0.909856 0.043694 -0.406597
1640767845.929753 -0.453881 -0.512555 7.484068 -0.067211 0.919607 0.044333 -0.384500
1640767846.229930 -0.543680 -0.521454 7.398448 -0.069831 0.928982 0.047452 -0.360367
1640767846.329988 -0.571088 -0.523575 7.370442 -0.071728 0.931704 0.045752 -0.353114
1640767846.563446 -0.624201 -0.526016 7.307276 -0.072490 0.937105 0.045681 -0.338368
1640767846.997009 -0.708836 -0.531991 7.195802 -0.073374 0.947205 0.048220 -0.308373
1640767847.964190 -0.869516 -0.540610 6.930241 -0.075848 0.967672 0.047508 -0.235799
1640767848.397753 -0.925927 -0.545854 6.789373 -0.077891 0.976547 0.051002 -0.194133
1640767848.797963 -0.971402 -0.545223 6.641950 -0.078855 0.982279 0.048110 -0.163082
1640767848.998068 -1.000954 -0.545000 6.566180 -0.079474 0.983547 0.049977 -0.154340
1640767849.498322 -1.062336 -0.540381 6.379009 -0.080552 0.986735 0.051466 -0.131214
1640767849.831811 -1.093115 -0.541045 6.261408 -0.082209 0.989141 0.051279 -0.110511
1640767849.998554 -1.103929 -0.540944 6.201067 -0.082920 0.990304 0.052058 -0.098555
1640767850.532153 -1.120897 -0.536471 6.002570 -0.084293 0.993787 0.050824 -0.051960
1640767850.765615 -1.123389 -0.531323 5.920502 -0.083926 0.994330 0.052509 -0.038813
1640767851.232540 -1.129225 -0.508841 5.744270 -0.090994 0.994411 0.050896 -0.016637
1640767851.432651 -1.115789 -0.522871 5.671575 -0.086050 0.994841 0.053725 -0.000023
1640767851.499354 -1.116768 -0.520474 5.643584 -0.086087 0.994832 0.053455 0.006320
1640767851.999632 -1.083432 -0.509487 5.478225 -0.085755 0.993649 0.052352 0.050660
1640767852.166393 -1.067292 -0.506247 5.393667 -0.082247 0.993066 0.049632 0.067769
1640767852.499901 -1.029002 -0.499890 5.269950 -0.081486 0.990185 0.050475 0.101715
1640767852.733350 -0.995944 -0.494580 5.204411 -0.082294 0.987478 0.049721 0.125074
1640767853.100200 -0.941272 -0.489408 5.031729 -0.082145 0.982447 0.048724 0.160237
1640767855.001099 -0.654018 -0.440061 4.415970 -0.080773 0.967316 0.049177 0.235281
1640767855.101145 -0.635382 -0.436097 4.383547 -0.081090 0.965721 0.050952 0.241270
1640767855.467989 -0.557437 -0.422853 4.253909 -0.081132 0.959364 0.051246 0.265352
1640767855.734798 -0.498998 -0.412845 4.166461 -0.080642 0.954926 0.052401 0.280833
1640767856.235066 -0.407076 -0.395601 4.030638 -0.083280 0.948580 0.055450 0.300308
1640767856.401820 -0.377474 -0.390445 3.978812 -0.082006 0.947832 0.054345 0.303210
1640767856.802023 -0.325640 -0.381208 3.854311 -0.081622 0.952315 0.053582 0.289072
1640767856.968775 -0.308752 -0.377191 3.802793 -0.081342 0.955793 0.051798 0.277778
1640767857.235577 -0.271952 -0.372752 3.726827 -0.083741 0.956509 0.047069 0.275433
1640767857.435677 -0.245008 -0.369823 3.686590 -0.083224 0.955219 0.046007 0.280202
1640767857.535726 -0.232884 -0.367881 3.667985 -0.082933 0.954583 0.046667 0.282341
1640767857.835874 -0.198482 -0.364423 3.616537 -0.080764 0.953220 0.045625 0.287692
1640767858.636277 -0.104404 -0.346282 3.408217 -0.081258 0.959923 0.047178 0.264043
1640767859.503386 0.144501 -0.310044 3.247252 -0.083689 0.916164 0.045020 0.389375
1640767859.970273 0.311090 -0.301138 3.200207 -0.082521 0.879537 0.043706 0.466578
1640767860.603901 0.586951 -0.265956 3.126191 -0.075615 0.809691 0.041402 0.580490
1640767861.137478 0.747852 -0.249690 3.115618 -0.067973 0.752741 0.037503 0.653723
1640767862.804570 1.286036 -0.203307 3.296387 -0.060452 0.534247 0.025213 0.842787
1640767864.071232 1.619298 -0.187157 3.385513 -0.058537 0.474940 0.027540 0.877637
1640767864.804492 1.821244 -0.168633 3.485518 -0.054506 0.468000 0.024593 0.881703
1640767865.204425 1.976399 -0.159044 3.524239 -0.054915 0.478195 0.022863 0.876237
1640767867.237090 2.630656 -0.096370 3.622401 -0.057981 0.600746 0.032478 0.796673
1640767867.903485 2.857806 -0.066038 3.554615 -0.068912 0.692400 0.037432 0.717240
1640767868.772222 3.105191 -0.050933 3.472045 -0.069234 0.780064 0.040239 0.620554
1640767869.107987 3.194250 -0.038919 3.444844 -0.072830 0.794425 0.045303 0.601276
1640767869.208743 3.215526 -0.037658 3.438483 -0.073125 0.797882 0.046413 0.596560
1640767869.410292 3.253991 -0.034058 3.424157 -0.073389 0.804961 0.046038 0.586969
1640767870.043169 3.391705 -0.019531 3.377413 -0.073762 0.836423 0.044069 0.541308
1640767870.376032 3.454828 -0.011754 3.338697 -0.071257 0.856666 0.044999 0.508941
1640767870.542495 3.514234 0.003124 3.314977 -0.074149 0.870941 0.043266 0.483831
1640767870.775557 3.547522 0.009205 3.269402 -0.071499 0.882448 0.045073 0.462755
1640767870.808850 3.550192 0.009980 3.266059 -0.071533 0.883887 0.045209 0.459981
1640767871.441357 3.649871 0.050887 3.102823 -0.075016 0.916629 0.044565 0.390101
1640767872.073891 3.733391 0.086514 2.936308 -0.078520 0.944886 0.041733 0.315091
1640767872.340185 3.771332 0.104527 2.905659 -0.079636 0.955611 0.040978 0.280689
1640767872.473351 3.785350 0.120681 2.876031 -0.078128 0.961315 0.039112 0.261227
1640767873.705185 3.725599 0.164822 2.445649 -0.075740 0.992191 0.030829 0.094184
1640767874.337720 3.770226 0.169703 2.241721 -0.074978 0.995225 0.036520 0.050713
1640767874.470887 3.770745 0.168349 2.212756 -0.075476 0.995669 0.037684 0.039067
1640767874.504191 3.771378 0.167707 2.207444 -0.075720 0.995743 0.038255 0.036044
1640767874.670705 3.767686 0.168483 2.176018 -0.076229 0.996076 0.038341 0.023490
1640767874.737309 3.765644 0.168185 2.165548 -0.075793 0.996278 0.038235 0.014968
1640767874.770611 3.763479 0.167471 2.160478 -0.073976 0.996509 0.037533 0.009439
1640767874.803912 3.761824 0.167047 2.153268 -0.075778 0.996472 0.035997 0.002240
1640767874.903816 3.754682 0.165231 2.131300 -0.075333 0.996341 0.034832 -0.020412
1640767875.303409 3.726852 0.156785 2.035724 -0.068803 0.992712 0.027920 -0.094915
1640767875.769632 3.634884 0.152179 1.947254 -0.067253 0.982747 0.034281 -0.168850
1640767876.535525 3.584474 0.151802 1.796174 -0.053131 0.966054 0.032018 -0.250783
1640767877.168285 3.458953 0.144994 1.664722 -0.056518 0.944486 0.032749 -0.321994
1640767877.534602 3.389914 0.136992 1.612399 -0.055861 0.930387 0.032338 -0.360852
1640767877.701117 3.348182 0.135252 1.586527 -0.054519 0.922226 0.032797 -0.381380
1640767878.000830 3.222659 0.127221 1.515212 -0.049989 0.902349 0.032111 -0.426891
1640767878.400424 3.114185 0.119818 1.473341 -0.044543 0.876812 0.031140 -0.477752
1640767878.533633 3.034439 0.105672 1.468225 -0.047465 0.871423 0.031143 -0.487237
1640767879.166372 2.800356 0.089986 1.391423 0.038475 -0.826147 -0.030702 0.561300
1640767879.599291 2.632624 0.080971 1.371798 0.036146 -0.803210 -0.029243 0.593878
1640767879.765814 2.574140 0.078401 1.363504 0.034726 -0.795925 -0.028411 0.603730
1640767880.298655 2.376562 0.067566 1.350939 0.031518 -0.769723 -0.029950 0.636896
1640767880.964728 2.166756 0.055758 1.357283 0.027860 -0.749896 -0.028968 0.660334
1640767881.164542 2.093283 0.053133 1.362004 0.027809 -0.745402 -0.028233 0.665437
1640767883.628851 1.206921 -0.003634 1.205815 0.032837 -0.809803 -0.032098 0.584903
1640767885.798231 0.590020 -0.061475 0.667430 -0.041245 0.923836 0.038752 -0.378582
1640767885.864885 0.576276 -0.064228 0.648673 -0.041197 0.926721 0.037964 -0.371551
1640767887.031384 0.348243 -0.077047 0.265287 -0.049092 0.969315 0.036766 -0.238046
1640767887.098045 0.341279 -0.076081 0.241311 -0.048340 0.970162 0.036221 -0.234811
1640767888.131276 0.194260 -0.079911 -0.100852 -0.052352 0.987480 0.036581 -0.144236
1640767888.264596 0.180945 -0.079003 -0.146524 -0.051932 0.989012 0.037928 -0.133113
1640767888.297926 0.175491 -0.081463 -0.190405 -0.049750 0.989320 0.034957 -0.132469
1640767889.197810 0.076206 -0.080743 -0.531606 -0.054944 0.994167 0.034250 -0.086252
1640767889.397784 0.045751 -0.069030 -0.656683 -0.052951 0.994938 0.027218 -0.080949
1640767889.831026 0.003343 -0.077713 -0.822997 -0.051051 0.996224 0.032282 -0.062371
1640767891.197507 -0.058819 -0.065981 -1.342887 -0.054203 0.998015 0.031415 0.006368
1640767891.597482 -0.070476 -0.067259 -1.500376 -0.062961 0.997310 0.026654 0.026416
1640767892.397401 -0.071210 -0.063334 -1.778081 -0.062345 0.996462 0.031735 0.046567
1640767892.630714 -0.076215 -0.063340 -1.860542 -0.063500 0.996117 0.032389 0.051664
1640767893.130671 -0.058011 -0.072854 -2.006871 -0.055937 0.995658 0.029056 0.068496
1640767893.330655 -0.052629 -0.069212 -2.103711 -0.060302 0.994605 0.031118 0.078463
1640767893.663948 -0.034245 -0.066277 -2.235809 -0.060306 0.993298 0.030030 0.093921
1640767893.697277 -0.033203 -0.066078 -2.249237 -0.060059 0.993223 0.030338 0.094762
1640767893.997232 -0.020412 -0.064638 -2.349337 -0.059621 0.992649 0.030767 0.100730
1640767894.830491 0.015395 -0.064793 -2.648502 -0.058037 0.993973 0.027535 0.088828
1640767895.730448 0.040257 -0.065776 -2.964202 -0.057941 0.994009 0.024733 0.089319
1640767896.297055 0.071547 -0.065820 -3.200028 -0.058177 0.993527 0.023646 0.094657
1640767896.363714 0.075878 -0.066255 -3.217111 -0.057946 0.993483 0.024931 0.094930
1640767896.430374 0.080036 -0.066059 -3.241096 -0.058085 0.993486 0.025544 0.094654
1640767897.163612 0.116602 -0.066484 -3.513073 -0.051798 0.995269 0.023355 0.078807
1640767898.833155 0.161212 -0.070534 -4.153785 -0.050904 0.997123 0.025577 0.049996
1640767898.866477 0.161283 -0.070450 -4.164733 -0.050852 0.997153 0.026062 0.049204
1640767899.233019 0.164110 -0.071398 -4.292441 -0.050373 0.997413 0.027174 0.043496
1640767899.732844 0.166434 -0.071957 -4.482569 -0.049999 0.997763 0.028758 0.033781
1640767899.866130 0.167751 -0.072787 -4.530892 -0.048183 0.997873 0.027928 0.033888
1640767899.966094 0.168184 -0.073174 -4.566491 -0.048455 0.997909 0.027571 0.032695
1640767900.732454 0.173937 -0.075792 -4.845098 -0.047550 0.997841 0.026679 0.036607
1640767900.899044 0.175070 -0.077006 -4.900702 -0.047538 0.997857 0.025796 0.036836
1640767900.998996 0.176067 -0.077570 -4.934627 -0.047018 0.997859 0.026445 0.036966
1640767901.432114 0.191250 -0.107649 -5.072584 -0.044346 0.998048 0.026887 0.034797
1640767901.965255 0.179422 -0.091610 -5.244045 -0.043396 0.998555 0.029356 0.011946
1640767902.065220 0.173592 -0.090115 -5.281975 -0.042836 0.998554 0.031458 0.008077
1640767902.665001 0.155737 -0.089582 -5.485038 -0.040694 0.998719 0.029555 -0.005641
1640767904.297727 0.128678 -0.093655 -6.091648 -0.040291 0.998560 0.029557 0.019505
1640767904.730903 0.114616 -0.095290 -6.261254 -0.042371 0.998475 0.031550 0.016007
1640767905.030794 0.104641 -0.097254 -6.368125 -0.040971 0.998667 0.027779 0.014658
1640767907.529867 0.154312 -0.090020 -7.383447 -0.047909 0.997238 0.029045 0.048758
1640767907.596510 0.155132 -0.090201 -7.409199 -0.047201 0.997330 0.029111 0.047518
1640767907.863078 0.159012 -0.092198 -7.521953 -0.044998 0.997565 0.027000 0.045935
1640767907.963040 0.161112 -0.092660 -7.565802 -0.045353 0.997546 0.026814 0.046108
1640767908.296240 0.167933 -0.093057 -7.725339 -0.046459 0.997609 0.027643 0.043049
1640767908.529476 0.169006 -0.095660 -7.824305 -0.046981 0.997844 0.028161 0.036151
1640767908.896019 0.162455 -0.096208 -7.977346 -0.044743 0.998500 0.027636 0.015214
1640767908.962662 0.168665 -0.069131 -8.015507 -0.045810 0.998568 0.026129 0.008990
1640767909.295874 0.145121 -0.088717 -8.140741 -0.043369 0.998393 0.029600 -0.021299
1640767909.329194 0.142937 -0.089409 -8.155665 -0.043351 0.998313 0.029691 -0.024691
1640767910.562041 0.040843 -0.078811 -8.663069 -0.036956 0.990591 0.031844 -0.127868
1640767910.628690 0.017944 -0.070248 -8.721019 -0.039448 0.989490 0.031088 -0.135597
1640767911.395135 -0.123673 -0.075208 -8.998592 -0.033090 0.971758 0.034373 -0.231106
1640767912.927942 -0.531869 -0.076742 -9.461153 -0.029738 0.933172 0.036442 -0.356340
1640767913.894951 -0.770133 -0.086475 -9.688981 -0.028415 0.912952 0.033802 -0.405670
1640767914.228797 -0.846517 -0.089994 -9.754046 -0.025020 0.906452 0.035040 -0.420108
1640767914.562582 -0.941160 -0.091422 -9.833348 -0.020502 0.900858 0.034273 -0.432272
1640767916.629186 -1.682657 -0.105228 -10.272483 0.012108 -0.850296 -0.035711 0.524953
1640767916.895838 -1.789995 -0.106130 -10.319465 0.009736 -0.845545 -0.035521 0.532632
1640767916.929169 -1.802505 -0.106679 -10.325616 0.009737 -0.844791 -0.036349 0.533772
1640767917.162490 -1.901517 -0.105625 -10.373482 0.009796 -0.844327 -0.039553 0.534277
1640767917.229153 -1.929420 -0.106181 -10.385453 0.009929 -0.843877 -0.039627 0.534980
1640767917.329147 -1.972326 -0.106317 -10.404821 0.007933 -0.844370 -0.038607 0.534308
1640767917.895812 -2.212857 -0.110169 -10.482362 0.008688 -0.829125 -0.036369 0.557811
1640767918.162487 -2.340603 -0.112696 -10.513276 0.008988 -0.822083 -0.034328 0.568261
1640767918.295825 -2.395919 -0.112719 -10.526388 0.010082 -0.819726 -0.035107 0.571590
1640767918.395829 -2.431738 -0.112916 -10.535388 0.011067 -0.818129 -0.037390 0.573711
1640767918.795817 -2.561898 -0.116433 -10.574139 0.010808 -0.822044 -0.034386 0.568282
1640767919.429112 -2.796208 -0.121123 -10.648792 0.012729 -0.828475 -0.036738 0.558675
1640767919.662431 -2.882883 -0.119222 -10.683628 0.013213 -0.833724 -0.037588 0.550743
1640767920.229063 -3.104962 -0.121271 -10.794835 0.009776 -0.850820 -0.039376 0.523888
1640767920.529044 -3.228349 -0.126310 -10.868723 0.013921 -0.862282 -0.033122 0.505152
1640767921.695695 -3.601353 -0.133839 -11.084539 -0.019240 0.879458 0.037990 -0.474068
1640767921.729026 -3.610953 -0.134498 -11.087550 -0.018913 0.877851 0.037840 -0.477061
1640767924.062277 -4.481259 -0.140887 -11.202603 0.003353 -0.762038 -0.041211 0.646211
1640767924.162272 -4.516906 -0.141369 -11.202617 0.002163 -0.756158 -0.041625 0.653060
1640767924.428927 -4.643346 -0.168896 -11.201288 0.003019 -0.739949 -0.043732 0.671233
1640767924.595592 -4.704342 -0.152939 -11.199082 0.004562 -0.730226 -0.040383 0.681996
1640767924.628927 -4.724402 -0.163930 -11.202275 0.002873 -0.729491 -0.042707 0.682650
1640767925.395642 -4.992252 -0.155055 -11.198727 0.000956 -0.718313 -0.039044 0.694623
1640767926.362307 -5.380602 -0.158250 -11.199544 0.000994 -0.717671 -0.038725 0.695304
1640767926.762300 -5.535848 -0.157073 -11.200663 -0.001883 -0.717294 -0.039860 0.695627
1640767927.128961 -5.655521 -0.157748 -11.200333 -0.002155 -0.716875 -0.037017 0.696215
1640767929.662648 -6.745555 -0.172141 -11.291601 0.007474 -0.802178 -0.034764 0.596025
1640767930.336707 -7.041640 -0.174021 -11.471980 -0.015714 0.879933 0.034348 -0.473594
1640767931.178208 -7.320578 -0.187866 -11.747091 -0.027295 0.934407 0.031704 -0.353741
1640767932.216948 -7.453835 -0.200049 -12.106815 -0.036251 0.982076 0.028638 -0.182735
1640767934.278693 -7.534023 -0.220000 -12.889894 -0.047419 0.998583 0.024047 -0.002115
1640767937.837312 -7.666478 -0.249551 -14.430681 -0.048074 0.998452 0.023835 0.014633
1640767938.302979 -7.678543 -0.253699 -14.659610 -0.047896 0.998418 0.024590 0.016196
1640767938.402749 -7.682526 -0.255673 -14.708472 -0.047380 0.998471 0.023559 0.015975
1640767938.502515 -7.683207 -0.256358 -14.753604 -0.047180 0.998458 0.024272 0.016350
1640767939.699780 -7.684072 -0.265284 -15.304826 -0.049060 0.997672 0.020463 0.042719
1640767940.963626 -7.540948 -0.270365 -15.865356 -0.056027 0.984282 0.021521 0.166092
1640767941.063421 -7.521207 -0.273193 -15.912625 -0.056298 0.982571 0.018445 0.176196
1640767943.657694 -6.692632 -0.301928 -16.744049 -0.068802 0.862276 0.009006 0.501662
1640767945.054548 -6.227897 -0.288627 -16.862666 -0.075033 0.766088 -0.000707 0.638341
1640767945.420416 -6.084651 -0.280678 -16.870880 -0.076721 0.738581 0.000472 0.669785
1640767947.159765 -5.489702 -0.268606 -16.877779 -0.071232 0.671948 -0.005790 0.737142
1640767948.730264 -4.904275 -0.248719 -16.851610 -0.072582 0.656793 -0.005704 0.750548
1640767949.130270 -4.729633 -0.242515 -16.828044 -0.074089 0.646659 -0.005590 0.759152
1640767949.863625 -4.438950 -0.232349 -16.793031 -0.074521 0.642112 -0.006736 0.762950
1640767950.397024 -4.198487 -0.226699 -16.772250 -0.074868 0.653528 -0.008763 0.753139
1640767951.130432 -3.940212 -0.219654 -16.726733 -0.072642 0.643916 -0.009514 0.761580
1640767951.597135 -3.766106 -0.214935 -16.694316 -0.073057 0.645148 -0.008376 0.760510
1640767952.030510 -3.619581 -0.208631 -16.670240 -0.072197 0.649343 -0.005380 0.757042
1640767952.197194 -3.565587 -0.206969 -16.664916 -0.072894 0.654513 -0.005516 0.752508
1640767952.230531 -3.554430 -0.206199 -16.662768 -0.072769 0.655927 -0.005815 0.751286
1640767952.297205 -3.530434 -0.206118 -16.660918 -0.072655 0.658976 -0.006077 0.748622
1640767952.330542 -3.520305 -0.206429 -16.661059 -0.072915 0.660654 -0.005774 0.747119
1640767954.097384 -2.784665 -0.189565 -16.667881 -0.070551 0.711865 -0.005438 0.698743
1640767954.764114 -2.523459 -0.183879 -16.671671 -0.072014 0.717103 -0.003834 0.693227
1640767955.030799 -2.409429 -0.180752 -16.676455 -0.072865 0.720276 -0.003540 0.689841
1640767955.164142 -2.355216 -0.176137 -16.681689 -0.071094 0.722516 -0.004120 0.687676
1640767955.764183 -2.129601 -0.176738 -16.700817 -0.071305 0.731249 -0.002136 0.678370
